47
69274
8905
5389
97866
122321
98542
118601
247760
58612
343415
5229
24644
207686
168010
691
47
69274
8905
5389
97866
122321
98542
118601
247760
58612
343415
5229
24644
207686
168010
691
17868
1137
4286
69052
444194
270578
32211
83720
385140
43
0
2614
103
773
624
139135
398636
32
4119
20
75
1674
684
2126
0
0
0
0
116
12998
152
975
0
0
2983
28
81
9100
355
34
1064
8762
137236
145539
292
60
77
6095
0
0
75
3373
131
456
68
103
400
51135
326
372
172
10317
131418
44566
187019
77
7849
357
16275
559
75
1102
32
103
321
75
459
170
355
28
277
1288
7499
15332
161153
10879
0
77
7810
2598
5538
12433
60
160
1118
241881
191
96
329
1126
211233
178212
178234
10396
8151
232
344
228
32
106
370
1089
155486
563
9015
50793
82
0
77
2319
366
1109
185967
419839
19569
130580
204219
400
112
4105
28
133
11907
105
415
3794
382
40938
104
336
32
78
10426
0
32
86
870
11802
244898
917
32
28
1080
208040
11268
12285
218330
362
75
1419
245802
76
43560
133
0
74
440
107
40
106
38
0
131
860
40
4034
90648
45837
392
45456
324195
342835
200652
5752
182307
823
4842
167
44208
68
172
263
4295
281
0
56
44
6469
2702
132
147750
34834
112
0
32
1117
265667
45567
263881
183421
0
32
51
20
85
1288
557
781
21991
60
1086
23467
163480
136
93
0
1087
70974
202922
1472
2152
344
172
9006
2672
173136
865
1885
95834
1370
682
16705
189
6755
3111
25455
65003
7899
138650
97835
50068
128
103
463
3419
859
912
683
103
8909
32
2403
58
367
67
28
23
20
175
0
5389
0
61
196
1288
3656
33
0
32
67
132
67
28
0
32
200
344
172
60
0
5971
15806
124132
443626
410400
386900
327654
291088
226147
32
110
0
1087
191449
74426
1086
200322
80425
41232
32
28
0
132
362
104
22661
4578
137
28
0
1147
100388
4304
205
0
32
28
132
362
28
172
344
13208
28
32
28
32
28
32
28
1501
60
9565
103
403
51
1611
28
32
160
67
28
58
502
28
32
200
344
3253
1433
30036
77738
8475
0
132
95
24
68
277
15438
267
1699
4957
5126
20965
70082
105118
114319
9540
99044
253413
134130
73534
14571
8694
28878
115135
155826
79769
206551
170493
195868
215905
166844
173298
110415
117688
35327
126224
47679
83358
873
18140
6133
2117
1430
1720
1109
0
2080
3673
292
0
257
1832
3503
62480
239451
177122
195269
142588
114968
112203
0
92
107
1034
33
129
7920
8532
0
0
32
160
35
32
28
4856
28509
101703
2599
1382
1301
99
28
6
60
0
32
491
1086
33285
69310
71551
1912
144
305
0
172
344
204
544
76
6746
138
2518
32
1118
0
0
522
32
269
1745
28
0
0
1314
32720
83029
126570
56363
32802
15814
23307
22538
325372
46059
103898
41659
68499
9802
99
32
88
0
32
57
29
0
32
81
34927
84922
162453
166101
37064
152799
70858
96180
58824
25267
4316
50219
25345
51102
194229
2335
64213
231533
172294
271573
222744
206856
74023
80
105
2315
0
1149
56922
273865
125289
118669
70699
87837
101752
137473
163080
5839
97983
115920
121596
10877
1170
0
2514
16078
88515
12685
194
656
103
9630
934
52
67
228
377
5298
217362
28
0
3405
4239
654
697
25173
132
67
103
399
75
332
20
137
90408
244394
193
1391
92
28
0
60
132
67
76
3308
164856
351805
419083
363697
344
4485
365
155
383
360
336
2148
59007
184403
1123
193798
405
76
8011
467
75
1533
197413
79
2306
0
32
104
520
387
2977
402
1468
103
451
35
4524
2365
14227
0
60
0
120
455
0
32
1548
344
172
32
28
1532
67
162
1190
0
17562
1094
225702
71
424
434
487
96
382
1112
1269
377
16673
252
12050
224922
250768
5573
223734
1001
75
378
91
354
142
2196
175994
1089
235492
2329
5080
56
0
32
28
23
152
67
60
28
75
1460
5612
1088
67874
339952
0
75
350
2523
132
68
99
392
17868
1137
4286
69052
444194
270578
32211
83720
385140
43
0
2614
103
773
624
139135
398636
32
4119
20
75
1674
684
2126
0
0
0
0
116
12998
152
975
0
0
2983
28
81
9100
355
34
1064
8762
137236
145539
292
60
77
6095
0
0
75
3373
131
456
68
103
400
51135
326
372
172
10317
131418
44566
187019
77
7849
357
16275
559
75
1102
32
103
321
75
459
170
355
28
277
1288
7499
15332
161153
10879
0
77
7810
2598
5538
12433
60
160
1118
241881
191
96
329
1126
211233
178212
178234
10396
8151
232
344
228
32
106
370
1089
155486
563
9015
50793
82
0
77
2319
366
1109
185967
419839
19569
130580
204219
400
112
4105
28
133
11907
105
415
3794
382
40938
104
336
32
78
10426
0
32
86
870
11802
244898
917
32
28
1080
208040
11268
12285
218330
362
75
1419
245802
76
43560
133
0
74
440
107
40
106
38
0
131
860
40
4034
90648
45837
392
45456
324195
342835
200652
5752
182307
823
4842
167
44208
68
172
263
4295
281
0
56
44
6469
2702
132
147750
34834
112
0
32
1117
265667
45567
263881
183421
0
32
51
20
85
1288
557
781
21991
60
1086
23467
163480
136
93
0
1087
70974
202922
1472
2152
344
172
9006
2672
173136
865
1885
95834
1370
682
16705
189
6755
3111
25455
65003
7899
138650
97835
50068
128
103
463
3419
859
912
683
103
8909
32
2403
58
367
67
28
23
20
175
0
5389
0
61
196
1288
3656
33
0
32
67
132
67
28
0
32
200
344
172
60
0
5971
15806
124132
443626
410400
386900
327654
291088
226147
32
110
0
1087
191449
74426
1086
200322
80425
41232
32
28
0
132
362
104
22661
4578
137
28
0
1147
100388
4304
205
0
32
28
132
362
28
172
344
13208
28
32
28
32
28
32
28
1501
60
9565
103
403
51
1611
28
32
160
67
28
58
502
28
32
200
344
3253
1433
30036
77738
8475
0
132
95
24
68
277
15438
267
1699
4957
5126
20965
70082
105118
114319
9540
99044
253413
134130
73534
14571
8694
28878
115135
155826
79769
206551
170493
195868
215905
166844
173298
110415
117688
35327
126224
47679
83358
873
18140
6133
2117
1430
1720
1109
0
2080
3673
292
0
257
1832
3503
62480
239451
177122
195269
142588
114968
112203
0
92
107
1034
33
129
7920
8532
0
0
32
160
35
32
28
4856
28509
101703
2599
1382
1301
99
28
6
60
0
32
491
1086
33285
69310
71551
1912
144
305
0
172
344
204
544
76
6746
138
2518
32
1118
0
0
522
32
269
1745
28
0
0
1314
32720
83029
126570
56363
32802
15814
23307
22538
325372
46059
103898
41659
68499
9802
99
32
88
0
32
57
29
0
32
81
34927
84922
162453
166101
37064
152799
70858
96180
58824
25267
4316
50219
25345
51102
194229
2335
64213
231533
172294
271573
222744
206856
74023
80
105
2315
0
1149
56922
273865
125289
118669
70699
87837
101752
137473
163080
5839
97983
115920
121596
10877
1170
0
2514
16078
88515
12685
194
656
103
9630
934
52
67
228
377
5298
217362
28
0
3405
4239
654
697
25173
132
67
103
399
75
332
20
137
90408
244394
193
1391
92
28
0
60
132
67
76
3308
164856
351805
419083
363697
344
4485
365
155
383
360
336
2148
59007
184403
1123
193798
405
76
8011
467
75
1533
197413
79
2306
0
32
104
520
387
2977
402
1468
103
451
35
4524
2365
14227
0
60
0
120
455
0
32
1548
344
172
32
28
1532
67
162
1190
0
17562
1094
225702
71
424
434
487
96
382
1112
1269
377
16673
252
12050
224922
250768
5573
223734
1001
75
378
91
354
142
2196
175994
1089
235492
2329
5080
56
0
32
28
23
152
67
60
28
75
1460
5612
1088
67874
339952
0
75
350
2523
132
68
99
392
